457
457
455
457
454
454
457
455
456
459
457
458
456
456
461
457
458
452
457
460
453
458
452
454
454
456
455
456
451
454
456
457
457
453
455
459
458
457
458
457
461
457
455
458
458
455
457
458
456
463
455
455
455
456
456
456
455
456
460
456
456
457
458
454
455
456
459
457
457
451
450
453
453
459
450
453
452
458
456
457
451
458
456
460
455
455
456
460
457
456
457
456
460
459
457
455
461
455
457
457
